0000
0001
0002
0003
0004
0005
0006
0007
0008
0009
0010
0011
0012
0013
0014
0015
0016
0023
0024
0025
0026
0027
0028
0036
0037
0038
0039
0040
0041
0042
0046
0047
0048
0050
0051
0052
0053
0057
0058
0059
0060
0061
0062
0065
0066
0067
0068
0069 
0070
0073
0128
0130
0134
0135
0136
0142
0149
0155
0179
0180
0181
0182
0183
0184
0185
0186
0187
0188
0189
0190
0191
0193
0195
0197
0198
0201
0202
0204
0205
0207
0210
0212
0215
0216
0218
0219
0221
0222
0223
0224
0225
0226
0228
0230
0243
0244
0245
0246
0247
0248
0249
0250
0251
0252
0253
0254
0255
0256
0257
0258
0259
0262