0000
0001
0002
0003
0004
0005
0006
0008
0007
0009
0010
0011
0012
0013
0014
0015
0016
0023
0024
0025
0284
0026
0027
0035
0036
0037
0038
0039
0040
0041
0045
0046
0047
0049
0050
0051
0052
0056
0057
0058
0059
0060
0061
0064
0065
0066
0067
0068
0069
0072
0124
0126
0130
0131
0132
0138
0144
0150
0174
0175
0176
0177
0178
0179
0180
0181
0182
0183
0184
0185
0186
0189
0191
0193
0194
0197
0198
0200
0257
0203
0206
0208
0211
0212
0214
0215
0259
0188
0202
0217
0218
0219
0221
0223
0236
0237
0238
0239
0240
0241
0242
0243
0244
0245
0246
0247
0248
0249
0250
0251
0252
0253